#The DR12 LOWZ pre-reconstruction power spectrum quadrupole measurement
#k(h Mpc^-1) P(k)(Mpc/h)^3 Error-of-P(k)(Mpc/h)^3
0.002342 -21310.508259 16505.745189 
0.003863 -32222.829671 17284.143449 
0.004732 -55410.090420 31691.409632 
0.005464 -30320.904409 36176.714342 
0.006109 -34664.471681 24708.717632
0.006692 -63088.270152 27219.356895
0.008062 -64907.884187 25235.814984
0.008639 -16101.298797 30041.335794 
0.009161 -41730.989120 26012.600226 
0.010098 -20828.701592 23969.285504 
0.011226 -48884.712355 26762.598317 
0.011860 15489.740816 22013.735292 
0.012809 14140.529454 23374.289609 
0.013932 26572.536485 21131.217742 
0.015090 43823.423913 18813.198575 
0.016412 26678.271132 17659.397302 
0.017909 31266.314086 16320.159414 
0.019624 1637.082028 14622.814640 
0.021063 12003.989143 14410.029488 
0.022726 10724.863080 12481.650007
0.024607 10152.685660 11557.788772 
0.026648 14602.931219 10234.120855 
0.028842 13978.699957 9037.178240 
0.031251 14398.663214 7784.522851
0.033965 20713.286899 6775.437939
0.036800 18387.645158 5859.302473
0.039766 13922.396383 5099.929346
0.043017 11994.282702 4270.386607 
0.046696 11814.413576 3655.716988 
0.050601 10238.768182 3103.421065 
0.054709 13374.293614 2691.000865 
0.059259 12030.707900 2391.549764 
0.064272 9377.661472 2111.200774 
0.069634 11204.477106 1802.681057 
0.075421 10539.687818 1502.888826 
0.081669 9219.975412 1214.910504 
0.088449 6949.591263 1000.135044 
0.095847 5635.601612 808.115978 
0.103819 5105.875600 684.248791 
0.112449 4425.784037 562.229449 
0.121791 3737.888929 463.860917
0.131895 3799.985316 398.273765
0.142844 3101.041193 326.937439
0.154739 2482.798129 272.417990
0.167624 2175.613954 217.188176
0.181563 1439.083497 185.611118
0.196667 1319.629118 149.797030
0.213030 1194.953330 124.612444
0.230756 880.397571 101.969414
0.249955 488.870477 86.659658
0.270742 214.708948 72.625048 
0.293271 129.110084 60.600431 
0.317660 -38.717891 50.551369 