#The DR12 LOWZ pre-reconstruction power spectrum monopole bestfit
#k(h Mpc^-1) P(k)(Mpc/h)^3
0.021063 65980.177603
0.022726 64286.408176
0.024607 62073.988314
0.026648 59475.460538 
0.028842 56584.148872 
0.031251 53396.808779 
0.033965 49937.903747
0.036800 46606.589387 
0.039766 43495.370554 
0.043017 40567.747862 
0.046696 37821.400358 
0.050601 35473.357943
0.054709 33471.163086 
0.059259 31589.247662
0.064272 29660.192510 
0.069634 27557.363050 
0.075421 25168.370440 
0.081669 22544.813830
0.088449 19907.260642 
0.095847 17546.064258
0.103819 15699.648475
0.112449 14323.444652
0.121791 13158.461264 
0.131895 11907.437417 
0.142844 10516.215444
0.154739 9205.132367
0.167624 8174.819425
0.181563 7343.085049
0.196667 6521.734672
0.213030 5720.427498
0.230756 5026.958153