#The DR12 LOWZ pre-reconstruction power spectrum monopole measurement
#k(h Mpc^-1) P(k)(Mpc/h)^3 Error-of-P(k)(Mpc/h)^3
0.002342 34812.774706 14904.047412
0.003863 60950.565509 21413.826668 
0.004732 72479.090408 23524.722153
0.005464 51825.330197 24592.062346 
0.006109 65978.358362 17504.270519 
0.006692 85570.052121 17750.724227
0.008062 87055.618440 16739.500934 
0.008639 48584.940702 18862.653510 
0.009161 86566.281801 15258.748193 
0.010098 86350.717320 14118.292164 
0.011226 81567.686249 14740.419554 
0.011860 84886.717546 12485.434578 
0.012809 91855.948457 12443.838688 
0.013932 88004.130977 11408.495111
0.015090 78548.369959 9896.787430 
0.016412 83021.978792 8966.681979
0.017909 80886.236866 8116.113437 
0.019624 76315.163173 7437.946443 
0.021063 67619.422975 7003.709431 
0.022726 71153.471438 5965.731253 
0.024607 62813.481723 5441.211209 
0.026648 61833.937446 4700.192356
0.028842 58104.931237 4199.443138
0.031251 52617.962327 3591.839608 
0.033965 50162.551188 2961.373382 
0.036800 46619.895039 2543.728421 
0.039766 44379.232510 2264.400697
0.043017 40962.848713 1923.713165 
0.046696 38111.351890 1650.495703 
0.050601 38149.918462 1397.731028 
0.054709 35096.394119 1183.329826
0.059259 31192.898314 1029.081213 
0.064272 29302.059183 882.767040 
0.069634 27681.997739 767.186375 
0.075421 24739.531268 627.858643
0.081669 22325.834737 539.487221
0.088449 20317.144825 418.297626 
0.095847 17449.033622 352.067267
0.103819 15814.069053 282.125242 
0.112449 14064.420617 240.535507 
0.121791 12938.202706 201.788499
0.131895 11912.147661 168.868413 
0.142844 10432.033557 140.110505
0.154739 9313.183999 110.929147 
0.167624 8149.094552 96.456425 
0.181563 7361.794441 80.877991 
0.196667 6571.652257 66.888591 
0.213030 5702.326354 56.989503 
0.230756 5029.563509 50.317538 
0.249955 4478.237385 42.150443 
0.270742 3884.722474 35.978091 
0.293271 3451.864985 30.455689 
0.317660 2931.662808 26.201327 