#The DR12 CMASS post-reconstruction power spectrum quadrupole bestfit
#k(h Mpc^-1) P(k)(Mpc/h)^3 
 0.042899 -2503.41 
 0.046801 -1553.78 
 0.05107 -495.66 
 0.055696  466.745  
 0.060748  1242.21  
 0.066262  1782.43  
 0.072261  2050.01  
 0.078838  2144.95  
 0.086011  2161.01  
 0.09381  2253.24  
 0.102317  2441.36  
 0.111615  2551.27  
 0.121751  2394.9  
 0.132799  1951.84  
 0.144853  1532.17  
 0.158002  1362.35  
 0.172358  1249.19  
 0.188011  928.761  
 0.205075  585.077  
 0.223687  433.879  
 0.243994  262.894  
 0.266151  44.1314  
 0.29031 -56.1094  
