#The DR12 CMASS post-reconstruction power spectrum mu2moment measurement
#k(h Mpc^-1) P(k)(Mpc/h)^3 Error-of-P(k)(Mpc/h)^3
0.001539 26815.266101 16191.600930
0.002539 52614.987158 24891.177565
0.003109 104381.950378 30075.701682
0.003590 31956.910777 22432.323001
0.004014 49587.506615 16443.408556
0.004397 96819.438002 17756.817338
0.005078 62755.136081 20022.978312
0.005386 76448.532856 15335.802558
0.005815 85499.095311 15075.925814
0.006409 91290.636962 14348.425214
0.006769 79028.503059 12052.108998
0.007567 76114.761517 10525.191937
0.008225 63376.420401 10971.202718
0.009101 75620.815503 9469.126941
0.009772 60844.980474 9352.248503
0.010701 53245.380195 8216.697419
0.011701 48117.580667 7535.636877
0.012816 50280.574635 6827.989617
0.013850 50562.364305 6512.028421
0.015103 46803.047141 5760.847233
0.016599 45658.542320 5281.316513
0.018068 47480.639648 4868.249984
0.019643 47527.071262 4362.423626
0.021440 46695.114252 3895.426141
0.023373 43675.454337 3431.116296
0.025445 39268.863649 3105.422732
0.027775 35938.451521 2639.660795
0.030318 34712.942671 2227.771298
0.033041 32511.278249 1905.840538
0.036038 31480.066967 1648.931741
0.039357 29449.058728 1377.560631
0.042899 26961.778100 1173.760103
0.046801 26297.419413 972.610602
0.051070 25596.394053 853.426294
0.055696 23668.939699 719.612049
0.060748 22807.847486 610.014255
0.066262 22376.732811 555.635684
0.072261 21447.659889 450.537532
0.078838 19014.647039 363.919825
0.086011 16865.524534 315.898291
0.093810 15011.046091 247.240146
0.102317 13595.904985 200.450314
0.111615 12116.707876 167.053242
0.121751 11486.039796 137.036525
0.132799 10255.408813 117.031490
0.144853 8677.420503 94.130869
0.158002 7454.252948 74.893718
0.172358 6411.584718 60.416742
0.188011 5744.828834 50.519962
0.205075 4756.680429 42.090073
0.223687 4038.371347 33.554061
0.243994 3381.781317 28.950694
0.266151 2878.547560 24.192782
0.290310 2398.761549 20.452605
0.316659 1987.578610 17.284948
