#The DR12 CMASS post-reconstruction power spectrum quadrupole measurement
#k(h Mpc^-1) P(k)(Mpc/h)^3 Error-of-P(k)(Mpc/h)^3
0.001539 -33860.117810 14227.284178
0.002539 -22986.169303 12842.920342
0.003109 35292.109320 27574.203397
0.003590 -809.031504 28951.190469
0.004014 -15055.760271 15082.928728
0.004397 9106.209652 18425.293190
0.005078 -32400.900395 25596.691783
0.005386 -2915.189144 19113.927355
0.005815 8257.340107 19274.278401
0.006409 -20864.604157 19456.054896
0.006769 -13350.310764 16869.473994
0.007567 -8766.172966 15254.115818
0.008225 -23906.092743 15881.755744
0.009101 -1109.664884 14151.973346
0.009772 -3335.402375 14185.928455
0.010701 1918.458202 12939.499815
0.011701 -6265.296579 12657.085349
0.012816 -9619.516619 11492.214336
0.013850 -15433.893147 11274.923703
0.015103 -16018.143949 9776.061381
0.016599 -10881.559158 8853.876793
0.018068 -7850.645716 8239.458790
0.019643 -4407.278660 7387.799018
0.021440 -2643.135937 6622.524615
0.023373 -3788.957387 5954.457731
0.025445 -207.097795 5271.125305
0.027775 -1287.094341 4511.842959
0.030318 -6485.803369 3893.866705
0.033041 -7632.586293 3347.043676
0.036038 -3823.678863 2750.360002
0.039357 -2015.900584 2401.394863
0.042899 -1803.852460 2017.124482
0.046801 -700.251433 1696.904943
0.051070 335.128838 1456.722921
0.055696 -1254.429022 1271.189868
0.060748 268.468037 1057.430651
0.066262 1245.179485 941.415766
0.072261 2549.291474 791.556963
0.078838 2186.432724 634.945324
0.086011 2134.180833 522.832446
0.093810 2403.811090 429.239295
0.102317 2680.569353 344.212431
0.111615 1954.355923 280.158286
0.121751 2304.544563 232.401946
0.132799 2153.379489 195.040551
0.144853 1428.315262 162.021085
0.158002 1411.879578 125.895147
0.172358 1207.039105 102.247143
0.188011 959.687510 85.369081
0.205075 458.329315 70.993159
0.223687 484.593180 56.889490
0.243994 238.524200 47.110011
0.266151 45.215042 39.569786
0.290310 -68.601449 33.721323
0.316659 -209.226721 28.874213
