#The DR12 CMASS pre-reconstruction power spectrum monopole measurement
#k(h Mpc^-1) P(k)(Mpc/h)^3 Error-of-P(k)(Mpc/h)^3
0.001539 41028.630354 17350.525729 
0.002539 66851.090393 24315.772443 
0.003109 107718.962403 26244.528625 
0.003590 33615.593328 23126.742997 
0.004014 68866.049865 17841.579325 
0.004397 118791.809720 18094.891358 
0.005078 95551.409121 19804.658675 
0.005386 98422.053908 15595.809139 
0.005815 101377.232652 15892.736920 
0.006409 120814.118323 14747.781293 
0.006769 104171.333754 12810.242686 
0.007567 100231.000841 11531.619304 
0.008225 92067.924694 11576.449829 
0.009101 99599.756512 10224.893259 
0.009772 81338.845770 10077.518267 
0.010701 70020.647888 8817.863992 
0.011701 66306.921023 8096.205247 
0.012816 71492.538878 7469.209161 
0.013850 73199.195445 7042.564824 
0.015103 67994.943384 6241.174891 
0.016599 64381.216097 5776.980717 
0.018068 66301.219632 5248.242063 
0.019643 65271.727680 4638.000810 
0.021440 64330.432956 4081.569184 
0.023373 60255.864302 3588.568589 
0.025445 53226.550183 3257.772949 
0.027775 49101.620582 2770.113511 
0.030318 49439.818319 2309.161529 
0.033041 47246.315305 2025.671627 
0.036038 44028.262307 1715.755074 
0.039357 39894.130349 1451.755570 
0.042899 36569.875294 1215.531989 
0.046801 34716.610937 1000.832376 
0.051070 32423.071029 861.318330 
0.055696 30592.344445 730.597570 
0.060748 28544.651429 617.177868 
0.066262 27227.821896 514.393144 
0.072261 24702.822292 426.135447 
0.078838 22065.208055 352.557060 
0.086011 19230.622733 284.810212 
0.093810 17092.582916 228.248050 
0.102317 15009.254686 190.938879 
0.111615 13110.997294 155.997848 
0.121751 12251.121784 124.697070 
0.132799 10800.666064 104.163413 
0.144853 9501.635427 88.909186 
0.158002 8170.449445 70.816212 
0.172358 7062.481304 58.818749 
0.188011 6392.685730 47.673162 
0.205075 5571.425944 41.907198 
0.223687 4825.878784 34.118389 
0.243994 4217.899608 29.180951 
0.266151 3589.167900 25.077016 
0.290310 3088.054959 21.354127 
0.316659 2683.291096 17.830495