#The DR12 CMASS pre-reconstruction power spectrum quadrupole measurement
#k(h Mpc^-1) P(k)(Mpc/h)^3 Error-of-P(k)(Mpc/h)^3
0.001539 -37185.350416 15034.031966 
0.002539 -9936.074270 14425.710424 
0.003109 77667.970220 30326.473832 
0.003590 11703.061077 31699.401047 
0.004014 11653.529831 17393.928101 
0.004397 55404.911104 21768.868309 
0.005078 2218.337017 29532.037078 
0.005386 45305.401218 23281.139412 
0.005815 46702.186596 22773.177614 
0.006409 35285.097798 23594.380566 
0.006769 35089.576003 20815.084352 
0.007567 36333.767952 18943.236440 
0.008225 16774.899742 20105.456062 
0.009101 37204.804497 17765.211250 
0.009772 35569.209891 18059.319474 
0.010701 35037.934959 16604.139064 
0.011701 22573.508132 16224.917494 
0.012816 17641.276710 14721.266350 
0.013850 11268.678871 14601.235008 
0.015103 10653.111120 12755.660243 
0.016599 17900.154401 11551.842513 
0.018068 22737.334997 10734.533694 
0.019643 26879.867572 9701.909526 
0.021440 28962.201392 8755.579130 
0.023373 25065.569101 7866.981186 
0.025445 26646.117067 6975.099868 
0.027775 22795.899249 5989.195070 
0.030318 15098.769378 5146.391534 
0.033041 13153.206844 4400.376637 
0.036038 16118.316800 3669.658237 
0.039357 16656.482353 3203.412888 
0.042899 13437.910095 2686.208469 
0.046801 13252.865419 2239.000245 
0.051070 13568.395477 1918.319965 
0.055696 9882.889965 1665.783465 
0.060748 10293.043227 1391.276105 
0.066262 10144.094762 1216.236471 
0.072261 9555.521032 1009.150034 
0.078838 7646.142669 813.894070 
0.086011 6206.565083 665.960860 
0.093810 6200.142324 531.828881 
0.102317 5261.103826 431.131807 
0.111615 4298.926033 357.601933 
0.121751 4079.662592 290.631024 
0.132799 3472.921050 237.511172 
0.144853 2816.525089 198.585995 
0.158002 2496.164913 161.668459 
0.172358 2021.831380 127.356335 
0.188011 1631.786342 107.334872 
0.205075 1206.845003 90.276696 
0.223687 1006.175791 72.319080 
0.243994 829.603724 61.037322 
0.266151 496.679775 50.012158 
0.290310 283.084418 42.292091 
0.316659 232.408501 35.148660 