#The DR12 CMASS pre-reconstruction power spectrum monopole bestfit
#k(h Mpc^-1) P(k)(Mpc/h)^3 
 0.02144  61890.6  
 0.023373  59980.5  
 0.025445  57616.1  
 0.027775  54729.7  
 0.030318  51476.1  
 0.033041  48047.6  
 0.036038  44513.2  
 0.039357  41012.5  
 0.042899  37838.6  
 0.046801  35005.4  
 0.05107  32585.2  
 0.055696  30556  
 0.060748  28746.5  
 0.066262  26903.5  
 0.072261  24788.7  
 0.078838  22270  
 0.086011  19495  
 0.09381  16839.9  
 0.102317  14686  
 0.111615  13175.4  
 0.121751  12077.9  
 0.132799  10938  
 0.144853  9539.69  
 0.158002  8152.14  
 0.172358  7123.97  
 0.188011  6371.11  
 0.205075  5594.64  
 0.223687  4812.58  
