#The DR12 LOWZ post-reconstruction power spectrum quadrupole measurement
#k(h Mpc^-1) P(k)(Mpc/h)^3 Error-of-P(k)(Mpc/h)^3
0.002342 -23602.955743 15893.706053
0.003863 -33469.351886 15715.405491
0.004732 -54536.779760 28852.208915
0.005464 -32216.545862 33103.373576
0.006109 -40751.883779 21954.007781
0.006692 -66877.687228 23861.691593
0.008062 -69515.228603 21745.488395
0.008639 -27442.635082 25692.498213
0.009161 -53693.177311 21963.496226
0.010098 -34930.351794 20089.560754
0.011226 -61999.574089 21809.408449
0.011860 -7609.106871 17969.600635
0.012809 -14610.926169 18725.719487
0.013932 -1734.560215 16876.793556
0.015090 5854.983492 14737.514058
0.016412 -3766.530554 13798.452267
0.017909 -3066.240501 12636.049318
0.019624 -22226.446781 11297.408387
0.021063 -13636.484298 11108.413248
0.022726 -9716.047713 9566.459002
0.024607 -10219.548776 8782.618441
0.026648 -7701.794538 7706.302495
0.028842 -6921.787792 6788.605376
0.031251 -4388.515658 5848.249071
0.033965 -326.289245 5119.742591
0.036800 -1340.057532 4373.404258
0.039766 -1318.794794 3800.603235
0.043017 1731.599853 3248.469596
0.046696 2527.459897 2770.460298
0.050601 759.046297 2385.936717
0.054709 2254.881810 2052.605132
0.059259 2062.600585 1833.642107
0.064272 658.353457 1609.342994
0.069634 4180.682069 1373.364286
0.075421 4561.553570 1169.037534
0.081669 3011.363363 960.558289
0.088449 2837.067885 769.947191
0.095847 2755.085133 622.337915
0.103819 2276.701142 509.364472
0.112449 2758.313590 431.472485
0.121791 2684.888203 362.067952
0.131895 2017.068337 301.601882
0.142844 1759.057074 253.882289
0.154739 1142.313601 200.125384
0.167624 1277.761743 160.659503
0.181563 743.669869 135.068166
0.196667 473.114907 113.313081
0.213030 357.489060 91.121016
0.230756 188.392145 74.191997
0.249955 -293.474429 64.424058
0.270742 -184.054679 53.054369
0.293271 -354.015274 44.850346
0.317660 -441.327509 38.282920
