#k-value inputs corresponding to the window matrix files
#k(h Mpc^-1)
0.001249
0.001749
0.002247
0.002746
0.003246
0.003744
0.004243
0.004743
0.005241
0.005740
0.006240
0.006738
0.007238
0.007736
0.008235
0.008734
0.009233
0.009732
0.010232
0.010731
0.011229
0.011728
0.012227
0.012726
0.013226
0.013725
0.014224
0.014722
0.015221
0.015720
0.016220
0.016719
0.017218
0.017716
0.018215
0.018715
0.019214
0.019713
0.020212
0.020710
0.021209
0.021708
0.022208
0.022707
0.023206
0.023704
0.024203
0.024702
0.025202
0.025701
0.026200
0.026699
0.027197
0.027696
0.028196
0.028695
0.029194
0.029693
0.030191
0.030690
0.031189
0.031689
0.032188
0.032687
0.033185
0.033684
0.034183
0.034682
0.035181
0.035680
0.036180
0.036679
0.037178
0.037677
0.038176
0.038675
0.039173
0.039672
0.040171
0.040670
0.041169
0.041668
0.042167
0.042667
0.043166
0.043665
0.044164
0.044663
0.045162
0.045660
0.046159
0.046658
0.047157
0.047656
0.048155
0.048654
0.049154
0.049653
0.050152
0.050651
0.051150
0.051648
0.052147
0.052646
0.053145
0.053644
0.054143
0.054642
0.055141
0.055641
0.056140
0.056639
0.057138
0.057637
0.058135
0.058634
0.059133
0.059632
0.060131
0.060630
0.061129
0.061628
0.062128
0.062627
0.063126
0.063625
0.064123
0.064622
0.065121
0.065620
0.066119
0.066618
0.067117
0.067616
0.068115
0.068614
0.069113
0.069612
0.070111
0.070610
0.071109
0.071609
0.072108
0.072607
0.073106
0.073605
0.074104
0.074603
0.075102
0.075601
0.076100
0.076598
0.077097
0.077596
0.078095
0.078594
0.079093
0.079592
0.080091
0.080590
0.081089
0.081588
0.082087
0.082586
0.083085
0.083584
0.084084
0.084583
0.085082
0.085581
0.086080
0.086579
0.087078
0.087577
0.088076
0.088575
0.089073
0.089572
0.090071
0.090570
0.091069
0.091568
0.092067
0.092566
0.093065
0.093564
0.094063
0.094562
0.095061
0.095560
0.096059
0.096558
0.097058
0.097557
0.098056
0.098555
0.099054
0.099553
0.100052
0.100551
0.101050
0.101548
0.102047
0.102546
0.103045
0.103544
0.104043
0.104542
0.105041
0.105540
0.106039
0.106538
0.107037
0.107536
0.108035
0.108534
0.109033
0.109532
0.110032
0.110531
0.111030
0.111529
0.112028
0.112527
0.113026
0.113525
0.114023
0.114522
0.115021
0.115520
0.116019
0.116518
0.117017
0.117516
0.118015
0.118514
0.119013
0.119512
0.120011
0.120510
0.121009
0.121508
0.122007
0.122507
0.123006
0.123505
0.124004
0.124503
0.125001
0.125500
0.125999
0.126498
0.126997
0.127496
0.127995
0.128494
0.128994
0.129493
0.129992
0.130491
0.130990
0.131489
0.131988
0.132487
0.132986
0.133485
0.133984
0.134483
0.134982
0.135481
0.135980
0.136479
0.136978
0.137477
0.137976
0.138475
0.138973
0.139472
0.139971
0.140470
0.140969
0.141468
0.141967
0.142466
0.142965
0.143464
0.143963
0.144462
0.144961
0.145460
0.145959
0.146458
0.146957
0.147456
0.147955
0.148454
0.148953
0.149452
0.149951
0.150450
0.150949
0.151448
0.151947
0.152446
0.152945
0.153444
0.153943
0.154443
0.154942
0.155441
0.155940
0.156439
0.156938
0.157437
0.157936
0.158435
0.158934
0.159433
0.159932
0.160431
0.160930
0.161429
0.161928
0.162427
0.162926
0.163425
0.163923
0.164422
0.164921
0.165420
0.165919
0.166418
0.166917
0.167416
0.167915
0.168414
0.168913
0.169412
0.169911
0.170410
0.170909
0.171408
0.171907
0.172406
0.172905
0.173404
0.173903
0.174402
0.174901
0.175400
0.175899
0.176398
0.176897
0.177396
0.177895
0.178394
0.178893
0.179392
0.179892
0.180391
0.180890
0.181389
0.181888
0.182387
0.182886
0.183385
0.183884
0.184383
0.184882
0.185381
0.185880
0.186379
0.186878
0.187377
0.187876
0.188375
0.188873
0.189372
0.189871
0.190370
0.190869
0.191368
0.191867
0.192366
0.192865
0.193364
0.193863
0.194362
0.194861
0.195360
0.195859
0.196358
0.196857
0.197356
0.197855
0.198354
0.198853
0.199352
0.199851
0.200350
0.200849
0.201348
0.201847
0.202346
0.202845
0.203344
0.203843
0.204342
0.204841
0.205340
0.205840
0.206339
0.206838
0.207337
0.207836
0.208335
0.208834
0.209333
0.209832
0.210331
0.210830
0.211329
0.211828
0.212327
0.212826
0.213325
0.213823
0.214322
0.214821
0.215320
0.215819
0.216318
0.216817
0.217316
0.217815
0.218314
0.218813
0.219312
0.219811
0.220310
0.220809
0.221308
0.221807
0.222306
0.222805
0.223304
0.223803
0.224302
0.224801
0.225300
0.225799
0.226298
0.226797
0.227296
0.227795
0.228294
0.228793
0.229292
0.229791
0.230290
0.230789
0.231289
0.231788
0.232287
0.232786
0.233285
0.233784
0.234283
0.234782
0.235281
0.235780
0.236279
0.236778
0.237277
0.237776
0.238275
0.238773
0.239272
0.239771
0.240270
0.240769
0.241268
0.241767
0.242266
0.242765
0.243264
0.243763
0.244262
0.244761
0.245260
0.245759
0.246258
0.246757
0.247256
0.247755
0.248254
0.248753
0.249252
0.249751
0.250250
0.250749
0.251248
0.251748
0.252246
0.252746
0.253244
0.253744
0.254242
0.254742
0.255240
0.255740
0.256238
0.256738
0.257236
0.257736
0.258234
0.258734
0.259232
0.259732
0.260230
0.260730
0.261228
0.261728
0.262226
0.262726
0.263224
0.263723
0.264222
0.264721
0.265220
0.265719
0.266218
0.266717
0.267216
0.267715
0.268214
0.268713
0.269212
0.269711
0.270211
0.270709
0.271209
0.271707
0.272207
0.272705
0.273205
0.273703
0.274203
0.274701
0.275201
0.275699
0.276199
0.276697
0.277197
0.277695
0.278195
0.278693
0.279193
0.279691
0.280191
0.280689
0.281189
0.281687
0.282187
0.282685
0.283185
0.283683
0.284183
0.284681
0.285181
0.285679
0.286179
0.286677
0.287177
0.287675
0.288175
0.288673
0.289172
0.289671
0.290170
0.290669
0.291168
0.291667
0.292166
0.292665
0.293164
0.293663
0.294162
0.294661
0.295160
0.295660
0.296158
0.296658
0.297156
0.297656
0.298154
0.298654
0.299152
0.299652
0.300150
0.300650
0.301148
0.301648
0.302146
0.302646
0.303144
0.303644
0.304142
0.304642
0.305140
0.305640
0.306138
0.306638
0.307136
0.307636
0.308134
0.308634
0.309132
0.309632
0.310130
0.310630
0.311128
0.311628
0.312126
0.312626
0.313124
0.313623
0.314122
0.314621
0.315120
0.315619
0.316118
0.316617
0.317116
0.317615
0.318114
0.318613
0.319112
0.319611
0.320110
0.320609
0.321109
0.321607
0.322107
0.322605
0.323105
0.323603
0.324103
0.324601
0.325101
0.325599
0.326099
0.326597
0.327097
0.327595
0.328095
0.328593
0.329093
0.329591
0.330091
0.330589
0.331089
0.331587
0.332087
0.332585
0.333085
0.333583
0.334083
0.334581
0.335081
0.335579
0.336079
0.336577
0.337077
0.337575
0.338075
0.338573
0.339072
0.339571
0.340070
0.340569
0.341068
0.341567
0.342066
0.342565
0.343064
0.343563
0.344062
0.344561
0.345060
0.345559
0.346058
0.346558
0.347056
0.347556
0.348054
0.348554
0.349052
0.349552
0.350050
0.350550
0.351048
0.351548
0.352046
0.352546
0.353044
0.353544
0.354042
0.354542
0.355040
0.355540
0.356038
0.356538
0.357036
0.357536
0.358034
0.358534
0.359032
0.359532
0.360030
0.360530
0.361028
0.361528
0.362026
0.362526
0.363024
0.363523
0.364022
0.364521
0.365020
0.365519
0.366018
0.366517
0.367016
0.367515
0.368014
0.368513
0.369012
0.369511
0.370010
0.370509
0.371008
0.371507
0.372007
0.372505
0.373005
0.373503
0.374003
0.374501
0.375001
0.375499
0.375999
0.376497
0.376997
0.377495
0.377995
0.378493
0.378993
0.379491
0.379991
0.380489
0.380989
0.381487
0.381987
0.382485
0.382985
0.383483
0.383983
0.384481
0.384981
0.385479
0.385979
0.386477
0.386977
0.387475
0.387974
0.388473
0.388972
0.389471
0.389970
0.390469
0.390968
0.391467
0.391966
0.392465
0.392964
0.393463
0.393962
0.394461
0.394960
0.395459
0.395958
0.396457
0.396956
0.397456
0.397954
0.398454
0.398952
0.399452
0.399950
0.400450
0.400948
0.401448
0.401946
0.402446
0.402944
0.403444
0.403942
0.404442
0.404940
0.405440
0.405938
0.406438
0.406936
0.407436
0.407934
0.408434
0.408932
0.409432
0.409930
0.410430
0.410928
0.411428
0.411926
0.412426
0.412924
0.413423
0.413922
0.414421
0.414920
0.415419
0.415918
0.416417
0.416916
0.417415
0.417914
0.418413
0.418912
0.419411
0.419910
0.420409
0.420908
0.421407
0.421906
0.422405
0.422905
0.423403
0.423903
0.424401
0.424901
0.425399
0.425899
0.426397
0.426897
0.427395
0.427895
0.428393
0.428893
0.429391
0.429891
0.430389
0.430889
0.431387
0.431887
0.432385
0.432885
0.433383
0.433883
0.434381
0.434881
0.435379
0.435879
0.436377
0.436877
0.437375
0.437874
0.438373
0.438872
0.439371
0.439870
0.440369
0.440868
0.441367
0.441866
0.442365
0.442864
0.443363
0.443862
0.444361
0.444860
0.445359
0.445858
0.446357
0.446856
0.447355
0.447854
0.448354
0.448852
0.449352
0.449850
0.450350
0.450848
0.451348
0.451846
0.452346
0.452844
0.453344
0.453842
0.454342
0.454840
0.455340
0.455838
0.456338
0.456836
0.457336
0.457834
0.458334
0.458832
0.459332
0.459830
0.460330
0.460828
0.461328
0.461826
0.462326
0.462824
0.463323
0.463822
0.464321
0.464820
0.465319
0.465818
0.466317
0.466816
0.467315
0.467814
0.468313
0.468812
0.469311
0.469810
0.470309
0.470808
0.471307
0.471806
0.472305
0.472804
0.473303
0.473803
0.474301
0.474801
0.475299
0.475799
0.476297
0.476797
0.477295
0.477795
0.478293
0.478793
0.479291
0.479791
0.480289
0.480789
0.481287
0.481787
0.482285
0.482785
0.483283
0.483783
0.484281
0.484781
0.485279
0.485779
0.486277
0.486777
0.487275
0.487774
0.488273
0.488772
0.489271
0.489770
0.490269
0.490768
0.491267
0.491766
0.492265
0.492764
0.493263
0.493762
0.494261
0.494760
0.495259
0.495758
0.496257
0.496756
0.497255
0.497754
0.498253
0.498752
0.499252
0.499750
