#The DR12 LOWZ post-reconstruction power spectrum mu2moment measurement
#k(h Mpc^-1) P(k)(Mpc/h)^3 Error-of-P(k)(Mpc/h)^3
0.002342 25295.155749 16177.658278
0.003863 45836.087526 21678.520970
0.004732 49329.985723 25607.312007
0.005464 37000.571559 25192.827146
0.006109 44049.881306 17208.269828
0.006692 51971.437518 18098.439427
0.008062 48208.221346 16858.508657
0.008639 30541.411646 18974.289220
0.009161 54017.290931 15717.984564
0.010098 57480.768765 13921.023582
0.011226 44822.231814 15164.079606
0.011860 65489.915526 12590.539247
0.012809 68767.461842 12768.756629
0.013932 70915.377333 11615.555481
0.015090 65270.678211 10159.455176
0.016412 64962.162994 9150.318130
0.017909 62156.998913 8327.637563
0.019624 51701.755508 7422.385342
0.021063 48699.902691 7355.966949
0.022726 53164.736378 6152.581448
0.024607 46114.529392 5684.060324
0.026648 46361.564552 5006.531424
0.028842 42908.960708 4413.308840
0.031251 39072.285695 3744.502311
0.033965 37715.985966 3157.236122
0.036800 35694.853786 2714.640090
0.039766 33910.766700 2367.979010
0.043017 33381.377463 1998.896288
0.046696 31885.064205 1730.084927
0.050601 31323.720116 1480.613944
0.054709 28977.276127 1243.196269
0.059259 26083.303785 1141.573100
0.064272 23858.238126 970.567346
0.069634 24745.480505 838.756171
0.075421 22745.080998 694.440360
0.081669 19799.873289 592.905936
0.088449 18365.377951 469.410653
0.095847 15642.099552 377.282356
0.103819 14383.777931 304.039805
0.112449 12929.006928 259.194935
0.121791 12265.562247 218.644793
0.131895 11086.692270 181.515872
0.142844 9742.198425 149.885096
0.154739 8297.610959 116.513820
0.167624 7273.978807 96.314596
0.181563 6368.735659 79.612485
0.196667 5549.217949 66.206148
0.213030 4811.608142 53.167415
0.230756 4064.476428 44.561304
0.249955 3393.931008 37.552099
0.270742 2995.286893 31.888638
0.293271 2566.867530 27.132128
0.317660 2161.911517 23.746976
