#The DR12 LOWZ post-reconstruction power spectrum monopole measurement
#k(h Mpc^-1) P(k)(Mpc/h)^3 Error-of-P(k)(Mpc/h)^3
0.002342 34736.338046 14712.463018
0.003863 59223.828280 21124.139343
0.004732 71144.697627 22782.405029
0.005464 49887.189904 23197.624603
0.006109 60350.634818 16450.529676
0.006692 78722.512409 16377.194217
0.008062 76014.312787 15097.049277
0.008639 41518.465679 16929.571282
0.009161 75494.561855 13608.558187
0.010098 71452.909483 12564.650042
0.011226 69622.061450 12947.897664
0.011860 68533.558274 10925.848731
0.012809 74611.832310 10783.200833
0.013932 71609.201419 9876.785382
0.015090 62928.684814 8481.981211
0.016412 66468.775216 7679.780040
0.017909 63383.495113 6886.743561
0.019624 60592.334220 6331.246718
0.021063 54154.496410 5855.005029
0.022726 57051.155463 5024.571223
0.024607 50202.348902 4580.733126
0.026648 49442.282367 3906.858372
0.028842 45677.675825 3466.362707
0.031251 40827.691958 2973.958570
0.033965 37846.501664 2437.566192
0.036800 36230.876799 2094.167217
0.039766 34438.284618 1836.587156
0.043017 32688.737522 1584.253940
0.046696 30874.080246 1324.581431
0.050601 31020.101597 1135.232535
0.054709 28075.323403 957.830328
0.059259 25258.263551 855.849464
0.064272 23594.896743 710.586425
0.069634 23073.207677 611.585276
0.075421 20920.459570 505.865504
0.081669 18595.327944 436.321631
0.088449 17230.550797 335.707916
0.095847 14540.065499 273.870715
0.103819 13473.097474 224.850317
0.112449 11825.681492 188.181547
0.121791 11191.606966 160.962801
0.131895 10279.864935 134.956703
0.142844 9038.575595 109.780127
0.154739 7840.685519 86.726907
0.167624 6762.874110 73.356411
0.181563 6071.267711 61.223590
0.196667 5359.971986 50.435924
0.213030 4668.612518 42.034591
0.230756 3989.119570 36.395250
0.249955 3511.320780 30.214707
0.270742 3068.908765 26.160507
0.293271 2708.473640 22.566051
0.317660 2338.442521 19.632814
